BON2 -85.202508763 9.764531575 0 -14.67040 -8.617389 -23.1792 0.95739 0.93270 18.734115
CABA -85.343532440 10.237875087 0 -4.17528 -3.431  -14.1454 1.70629 2.525159 16.7
EPZA -85.568063166 10.140940327 0 -5.47004 -3.212 -0.920823 1.271222 1.78427 2.21908
GRZA -85.635613244 9.915526008 0 -2.29314 -17.87380436 5.29182 1.0738 2.12083 2.73256
HUA2 -85.351693162 10.017732311 0 -7.575 -9.08585 3.47099 0.96762 0.88998 2.9046425
IND1 -85.502195507 9.864627976 0 -2.49306 -06.9578 -7.07715 1.4590 2.144 4.587345
LAFE -84.960282992 9.807061720 0 -10.222 -10.2951 0.946399  1.16484 1.109 0.818911
LEPA -85.031194004 9.945374157 0 -6.61797 -7.53636 -09.86177 0.96011 0.8472  03.06672
LMNL -85.053331238 10.267508555 0 -5.440 -05.7833 4.27696 1.28125 1.1687 2.47133
PNE2 -85.829049456 10.195549304 0 -06.15565 -06.8468 02.581 1.4494 1.54458 02.99
PUMO -84.966713131 10.064498417 0 -03.900 -04.1730 -05.61809 0.91850 0.86416 2.2318
SAJU -85.710554042 10.067124302 0 -07.907 -07.4067 05.4692 2.5978 01.8758 3.0413
VERA -84.869041173 10.853618744 0 -01.6755 -05.8137 07.35969 1.289 01.2 2.89