2009.5086	39664.3293637
2009.5113	39665.8649695
2009.514	39667.3921858
2009.5168	39668.9669274
2009.5195	39670.47655
2009.5222	39671.9773036
2009.525	39673.5241208
2009.5277	39675.0063766
2009.5305	39676.5337315
2009.5332	39677.9969681
2009.5359	39679.4506991
2009.5387	39680.9481254
2009.5414	39682.3821946
2009.5441	39683.8064833
2009.5469	39685.2731161
2009.5496	39686.6772686
2009.5524	39688.1228947
2009.5551	39689.5066904
2009.5578	39690.8804364
2009.5606	39692.2944211
2009.5633	39693.6476308
2009.5661	39695.0402984
2009.5688	39696.372953
2009.5715	39697.6955352
2009.5743	39699.0564897
2009.577	39700.3586415
2009.5797	39701.650827
2009.5825	39702.9804028
2009.5852	39704.2524655
2009.588	39705.5613223
2009.5907	39706.8135698
2009.5934	39708.0562269
2009.5962	39709.3348885
2009.5989	39710.5583374
2009.6016	39711.7725367
2009.6044	39713.0220762
2009.6071	39714.2178471
2009.6099	39715.4485858
2009.6126	39716.6265444
2009.6153	39717.7960063
2009.6181	39718.9999931
2009.6208	39720.1526937
2009.6235	39721.2974508
2009.6263	39722.4764276
2009.629	39723.6056234
2009.6318	39724.7689125
2009.6345	39725.8834295
2009.6372	39726.991081
2009.64	39728.1327545
2009.6427	39729.2271485
2009.6454	39730.3154038
2009.6482	39731.4377492
2009.6509	39732.5142817
2009.6537	39733.6250275
2009.6564	39734.6909224
2009.6591	39735.7520042
2009.6619	39736.8475958
2009.6646	39737.8997283
2009.6674	39738.9866432
2009.6701	39740.0309984
2009.6728	39741.0719724
2009.6756	39742.1482411
2009.6783	39743.1832304
2009.681	39744.2157292
2009.6838	39745.2841552
2009.6865	39746.3124993
2009.6893	39747.3772585
2009.692	39748.4026867
2009.6947	39749.4271378
2009.6975	39750.4888188
2009.7002	39751.5122029
2009.7029	39752.5355151
2009.7057	39753.5969682
2009.7084	39754.6210475
2009.7112	39755.6839267
2009.7139	39756.7099847
2009.7166	39757.7374513
2009.7194	39758.8047634
2009.7221	39759.8359736
2009.7248	39760.8694436
2009.7276	39761.9438685
2009.7303	39762.98278
2009.7331	39764.0634195
2009.7358	39765.1088645
2009.7385	39766.1579034
2009.7413	39767.2498556
2009.744	39768.306973
2009.7467	39769.3684156
2009.7495	39770.4739833
2009.7522	39771.5449349
2009.755	39772.6608316
2009.7577	39773.7421794
2009.7604	39774.8289363
2009.7632	39775.961861
2009.7659	39777.0602183
2009.7687	39778.2055565
2009.7714	39779.3162363
2009.7741	39780.4332076
2009.7769	39781.5983511
2009.7796	39782.7285848
2009.7823	39783.8655295
2009.7851	39785.0517991
2009.7878	39786.2027729
2009.7906	39787.4038159
2009.7933	39788.5692314
2009.796	39789.7418617
2009.7988	39790.9656171
2009.8015	39792.1531466
2009.8042	39793.3480686
2009.807	39794.595095
2009.8097	39795.8051803
2009.8125	39797.0679777
2009.8152	39798.2932928
2009.8179	39799.5260815
2009.8207	39800.8124057
2009.8234	39802.060357
2009.8261	39803.3156999
2009.8289	39804.6252923
2009.8316	39805.8955309
2009.8344	39807.2204316
2009.8371	39808.5052755
2009.8398	39809.7971562
2009.8426	39811.1442083
2009.8453	39812.4500982
2009.848	39813.7626849
2009.8508	39815.1308179
2009.8535	39816.4566265
2009.8563	39817.8381539
2009.859	39819.1765526
2009.8617	39820.5208762
2009.8645	39821.9210541
2009.8672	39823.2768776
2009.87	39824.6885625
2009.8727	39826.0550597
2009.8754	39827.4264723
2009.8782	39828.8536293
2009.8809	39830.2343507
2009.8836	39831.6192803
2009.8864	39833.0596829
2009.8891	39834.4524089
2009.8919	39835.9003389
2009.8946	39837.2997713
2009.8973	39838.7020803
2009.9001	39840.159063
2009.9028	39841.5663525
2009.9055	39842.9756441
2009.9083	39844.4389268
2009.911	39845.8513673
2009.9138	39847.3172572
2009.9165	39848.7315679
2009.9192	39850.1463181
2009.922	39851.6135887
2009.9247	39853.0282413
2009.9274	39854.4423526
2009.9302	39855.9079151
2009.9329	39857.3199052
2009.9357	39858.7825549
2009.9384	39860.1910452
2009.9411	39861.5973096
2009.9439	39863.0529483
2009.9466	39864.453641
2009.9493	39865.8510888
2009.9521	39867.2965082
2009.9548	39868.6863105
2009.9576	39870.1230834
2009.9603	39871.5038586
2009.963	39872.8797009
2009.9658	39874.3009403
2009.9685	39875.6657249
2009.9713	39877.074802
2009.974	39878.4271953
2009.9767	39879.7730264
2009.9795	39881.16144
2009.9822	39882.4929484
2009.9849	39883.8169662
2009.9877	39885.1817933
2009.9904	39886.4896426
2009.9932	39887.8370835
2009.9959	39889.1275831
2009.9986	39890.4091489
2010.0014	39891.72846
2010.0041	39892.9910132
2010.0068	39894.2438476
2010.0096	39895.5325572
2010.0123	39896.7648479
2010.0151	39898.031754
2010.0178	39899.2425557
2010.0205	39900.4424835
2010.0233	39901.6751514
2010.026	39902.8523127
2010.0287	39904.0180135
2010.0315	39905.214597
2010.0342	39906.3564227
2010.037	39907.5279025
2010.0397	39908.6452097
2010.0424	39909.7502704
2010.0452	39910.8831908
2010.0479	39911.9629302
2010.0507	39913.0693569
2010.0534	39914.1233445
2010.0561	39915.1645599
2010.0589	39916.2307719
2010.0616	39917.24576
2010.0643	39918.2477917
2010.0671	39919.2732095
2010.0698	39920.2487405
2010.0726	39921.2466285
2010.0753	39922.1955901
2010.078	39923.1315115
2010.0808	39924.0883408
2010.0835	39924.9977616
2010.0862	39925.8942261
2010.089	39926.8102612
2010.0917	39927.6804979
2010.0945	39928.5694756
2010.0972	39929.4137803
2010.0999	39930.2454899
2010.1027	39931.0948106
2010.1054	39931.9011934
2010.1081	39932.6953256
2010.1109	39933.5060736
2010.1136	39934.275675
2010.1164	39935.0613033
2010.1191	39935.8070103
2010.1218	39936.5412445
2010.1246	39937.2907487
2010.13	39938.7027236
2010.1328	39939.4179248
2010.1355	39940.0969241
2010.1383	39940.79026
2010.141	39941.4486477
2010.1437	39942.0972767
2010.1465	39942.7598849
2010.1492	39943.3894045
2010.152	39944.0327481
2010.1547	39944.6442372
2010.1574	39945.2472856
2010.1602	39945.8640511
2010.1629	39946.4507714
2010.1656	39947.0299115
2010.1684	39947.6228084
2010.1711	39948.1874192
2010.1739	39948.7658934
2010.1766	39949.3172263
2010.1793	39949.8625082
2010.1821	39950.4219276
2010.1848	39950.9558501
2010.1875	39951.484676
2010.1903	39952.0280452
2010.193	39952.5474759
2010.1958	39953.0817921
2010.1985	39953.5931606
2010.2012	39954.101061
2010.204	39954.6244545
2010.2067	39955.1262882
2010.2094	39955.6256328
2010.2122	39956.1411857
2010.2149	39956.636451
2010.2177	39957.148459
2010.2204	39957.6409634
2010.2231	39958.1325894
2010.2259	39958.641828
2010.2286	39959.1326222
2010.2313	39959.6234714
2010.2341	39960.1328794
2010.2368	39960.6247651
2010.2396	39961.1358803
2010.245	39962.1256778
2010.2478	39962.6416162
2010.2505	39963.1412539
2010.2533	39963.6618876
2010.256	39964.1665957
2010.2587	39964.6741786
2010.2615	39965.2038594
2010.2642	39965.7180491
2010.2669	39966.235836
2010.2752	39967.8523972
2010.2779	39968.3870624
2010.2806	39968.9263749
2010.2834	39969.4907647
2010.2861	39970.0400967
2010.2888	39970.5946008
2010.2916	39971.1752706
2010.2943	39971.7407796
2010.2971	39972.3331643
2010.2998	39972.9102419
2010.3025	39973.4931804
2010.3053	39974.1040141
2010.308	39974.6992117
2010.3107	39975.3005643
2010.3135	39975.9307726
2010.3162	39976.5448903
2010.319	39977.1884688
2010.3217	39977.8155859
2010.3244	39978.4491445
2010.3272	39979.1129994
2010.3299	39979.7597486
2010.3326	39980.4129866
2010.3354	39981.0972673
2010.3381	39981.7636982
2010.3409	39982.4616174
2010.3436	39983.1411374
2010.3463	39983.8270198
2010.3491	39984.5449668
2010.3518	39985.24363
2010.3546	39985.9746818
2010.3573	39986.685818
2010.36	39987.4029406
2010.3628	39988.1528371
2010.3655	39988.8818286
2010.3682	39989.6164685
2010.371	39990.3841455
2010.3737	39991.1298838
2010.3765	39991.9087655
2010.3847	39994.2204756
2010.3874	39994.9910864
2010.3901	39995.7660698
2010.3929	39996.5741707
2010.3956	39997.3574638
2010.3984	39998.1737499
2010.4011	39998.9645063
2010.4038	39999.7586014
2010.4066	40000.5853973
2010.4093	40001.3856031
2010.412	40002.1884596
2010.4148	40003.0235986
2010.4175	40003.8311193
2010.4203	40004.6705735
2010.423	40005.4817443
2010.4257	40006.2943269
2010.4285	40007.1382242
2010.4312	40007.9528928
2010.4339	40008.7681928
2010.4367	40009.6140767
2010.4394	40010.4298531
2010.4422	40011.2756639
2010.4449	40012.090821
2010.4476	40012.9052709
2010.4504	40013.7488545
2010.4531	40014.5610419
2010.4559	40015.401708
2010.4586	40016.2105328
2010.4613	40017.0173067
2010.4641	40017.851515
2010.4668	40018.6533038
2010.4695	40019.4522531
2010.4723	40020.2775214
2010.475	40021.0699011
2010.4778	40021.8878176
2010.4805	40022.6725954
2010.4832	40023.4532728
2010.486	40024.2582797
2010.4887	40025.0298756
2010.4914	40025.7966648
2010.4942	40026.5865383
2010.4969	40027.3428526
2010.4997	40028.1214018
2010.5024	40028.8663632
2010.5051	40029.6054454
2010.5079	40030.3654851
2010.5106	40031.0920017
2010.5133	40031.8120742
2010.5161	40032.5518259
2010.5188	40033.2582478
2010.5216	40033.9834981
2010.5243	40034.6756198
2010.527	40035.3605041
2010.5298	40036.0629685
2010.5325	40036.7327096
2010.5352	40037.3948378
2010.538	40038.0733346
2010.5407	40038.7196358
2010.5435	40039.3815203
2010.5462	40040.0116294
2010.5489	40040.6336797
2010.5517	40041.2701928
2010.5544	40041.8756516
2010.5572	40042.4948609
2010.5599	40043.0835597
2010.5626	40043.663994
2010.5654	40044.2571844
2010.5681	40044.8207588
2010.5708	40045.3760644
2010.5736	40045.9432226
2010.5763	40046.4817513
2010.5791	40047.0315826
2010.5818	40047.5534925
2010.5845	40048.0673269
2010.5873	40048.5917348
2010.59	40049.089338
2010.5927	40049.5791002
2010.5955	40050.0788227
2010.5982	40050.55292
2010.601	40051.036635
2010.6037	40051.4955447
2010.6064	40051.9471967
2010.6092	40052.4080627
2010.6119	40052.8453792
2010.6146	40053.2758962
2010.6174	40053.715356
2010.6201	40054.1325501
2010.6229	40054.558581
2010.6256	40054.9632161
2010.6283	40055.3619849
2010.6311	40055.7695482
2010.6338	40056.1570148
2010.6366	40056.553325
2010.6393	40056.9304057
2010.642	40057.3027396
2010.6448	40057.6841066
2010.6475	40058.0475195
2010.6502	40058.4069315
2010.653	40058.7757035
2010.6557	40059.1277638
2010.6585	40059.489479
2010.6612	40059.8352906
2010.6639	40060.178449
2010.6667	40060.5318114
2010.6694	40060.8704276
2010.6721	40061.2072437
2010.6749	40061.5549397
2010.6776	40061.8889782
2010.6804	40062.2344175
2010.6831	40062.5668849
2010.6858	40062.8990266
2010.6886	40063.2434407
2010.6913	40063.5758305
2010.694	40063.9087905
2010.6968	40064.2550003
2010.6995	40064.5900342
2010.7023	40064.9390277
2010.705	40065.277354
2010.7077	40065.617739
2010.7105	40065.9732143
2010.7132	40066.3186843
2010.7159	40066.6670831
2010.7187	40067.0317795
2011.1294	40160.5342704
2011.1321	40160.7537894
2011.1348	40160.9638967
2011.1376	40161.1720795
2011.1403	40161.3637021
2011.1431	40161.5532129
2011.1458	40161.7273251
2011.1485	40161.8932162
2011.1513	40162.0568415
2011.154	40162.2067839
2011.1567	40162.3493014
2011.1595	40162.4895479
2011.1622	40162.6177941
2011.165	40162.743848
2011.1677	40162.8590043
2011.1704	40162.9681788
2011.1732	40163.0753976
2011.1759	40163.1733134
2011.1786	40163.2661643
2011.1814	40163.3574341
2011.1841	40163.4409246
2011.1869	40163.5231595
2011.1896	40163.5985905
2011.1923	40163.6705461
2011.1951	40163.7418365
2011.1978	40163.8076989
2011.2005	40163.8710558
2011.2033	40163.9344555
2011.206	40163.9936994
2011.2088	40164.0535219
2011.2115	40164.1099786
2011.2142	40164.1655496
2011.217	40164.2225811
2011.2197	40164.2773231
2011.2225	40164.3341677
2011.2252	40164.389373
2011.2279	40164.4452717
2011.2307	40164.5042966
2011.2334	40164.5625397
2011.2361	40164.6223833
2011.2389	40164.6864444
2011.2416	40164.7504418
2011.2444	40164.8194198
2011.2471	40164.8887355
2011.2498	40164.9610744
2011.2526	40165.0395679
2011.2553	40165.1188752
2011.258	40165.201988
2011.2608	40165.29246
2011.2635	40165.3840737
2011.2663	40165.4838646
2011.269	40165.584934
2011.2717	40165.6909756
2011.2745	40165.8064175
2011.2772	40165.9232188
2011.2799	40166.0455954
2011.2827	40166.1785875
2011.2854	40166.312874
2011.2882	40166.4585794
2011.2909	40166.6054557
2011.2936	40166.758738
2011.2964	40166.9246091
2011.2991	40167.0913515
2011.3018	40167.2648838
2011.3046	40167.4521295
2011.3073	40167.639814
2011.3101	40167.8419341
2011.3128	40168.0441321
2011.3155	40168.2535618
2011.3183	40168.4784471
2011.321	40168.7027729
2011.3238	40168.9431954
2011.3265	40169.1825683
2011.3292	40169.4293573
2011.332	40169.6931258
2011.3347	40169.9550288
2011.3374	40170.2243343
2011.3402	40170.5114067
2011.3429	40170.7957049
2011.3457	40171.0982398
2011.3484	40171.3973454
2011.3511	40171.7036275
2011.3539	40172.0287542
2011.3566	40172.3494162
2011.3593	40172.6770012
2011.3621	40173.0239221
2011.3648	40173.3652842
2011.3676	40173.7262435
2011.3703	40174.0808844
2011.373	40174.4418394
2011.3758	40174.8226764
2011.3785	40175.1960339
2011.3812	40175.5752382
2011.384	40175.9744811
2011.3867	40176.3650627
2011.3895	40176.7757154
2011.3922	40177.1769095
2011.3949	40177.583016
2011.3977	40178.0091334
2011.4004	40178.4246075
2011.4031	40178.8443544
2011.4059	40179.2839229
2011.4086	40179.7116809
2011.4114	40180.1590625
2011.4141	40180.5938673
2011.4168	40181.0317669
2011.4196	40181.4888913
2011.4223	40181.9323318
2011.4251	40182.3946623
2011.4278	40182.8425954
2011.4305	40183.2923431
2011.4333	40183.7603856
2011.436	40184.2130205
2011.4387	40184.6666719
2011.4415	40185.1379146
2011.4442	40185.5928133
2011.447	40186.0647747
2011.4497	40186.5198111
2011.4524	40186.9745085
2011.4552	40187.4454027
2011.4579	40187.8985835
2011.4606	40188.3506162
2011.4634	40188.8178957
2011.4661	40189.2667748
2011.4689	40189.7302221
2011.4716	40190.1748688
2011.4743	40190.6170495
2011.4771	40191.0727336
2011.4798	40191.5091164
2011.4825	40191.9422799
2011.4853	40192.3878295
2011.488	40192.8136969
2011.4908	40193.2511779
2011.4935	40193.668791
2011.4962	40194.0820141
2011.499	40194.5056751
2011.5017	40194.909297
2011.5044	40195.3078943
2011.5072	40195.7157373
2011.5099	40196.1034986
2011.5127	40196.4997036
2011.5154	40196.875871
2011.5181	40197.2460877
2011.5209	40197.6235596
2011.5236	40197.9811669
2011.5264	40198.3452428
2011.5291	40198.6896417
2011.5318	40199.0273583
2011.5346	40199.3703978
2011.5373	40199.6941437
2011.54	40200.0108729
2011.5428	40200.3318231
2011.5455	40200.6339837
2011.5483	40200.9396575
2011.551	40201.2269446
2011.5537	40201.5068426
2011.5565	40201.7892547
2011.5592	40202.0539722
2011.5619	40202.311194
2011.5647	40202.5700087
2011.5674	40202.8119235
2011.5702	40203.0548626
2011.5729	40203.2814879
2011.5756	40203.5006389
2011.5784	40203.7200482
2011.5811	40203.9240888
2011.5838	40204.1207879
2011.5866	40204.3170855
2011.5893	40204.4990355
2011.5921	40204.6802053
2011.5948	40204.8477492
2011.5975	40205.0083706
2011.6003	40205.1677479
2011.603	40205.314621
2011.6057	40205.4549366
2011.6085	40205.5936706
2011.6112	40205.7210652
2011.614	40205.8467253
2011.6167	40205.9618446
2011.6194	40206.0711955
2011.6222	40206.1786965
2011.6249	40206.2768633
2011.6277	40206.3731796
2011.6304	40206.4609753
2011.6331	40206.5439959
2011.6359	40206.6252803
2011.6386	40206.6992535
2011.6413	40206.7691323
2011.6441	40206.8375274
2011.6468	40206.8998037
2011.6496	40206.9608428
2011.6523	40207.0165462
2011.655	40207.0694127
2011.6578	40207.1215223
2011.6605	40207.1694285
2011.6632	40207.21531
2011.666	40207.2610464
2011.6687	40207.3036581
2011.6715	40207.3466065
2011.6742	40207.387117
2011.6769	40207.4270302
2011.6797	40207.4680998
2011.6824	40207.5076915
2011.6851	40207.547568
2011.6879	40207.5895351
2011.6906	40207.6308978
2011.6934	40207.6750379
2011.6961	40207.7191053
2011.6988	40207.7649458
2011.7016	40207.8146696
2011.7043	40207.8650254
2011.707	40207.9180384
2011.7098	40207.9761294
2011.7125	40208.0354435
2011.7153	40208.1006807
2011.718	40208.1674701
2011.7207	40208.2383513
2011.7235	40208.3164718
2011.7262	40208.3965293
2011.729	40208.4847408
2011.7317	40208.575074
2011.7344	40208.6708421
2011.7372	40208.7761653
2011.7399	40208.8837726
2011.7426	40208.9975577
2011.7481	40209.2494128
2011.7509	40209.3884546
2011.7536	40209.5297436
2011.7645	40210.176239
2011.77	40210.5514372
2011.7728	40210.7556983
2011.7755	40210.961338
2011.781	40211.407145
2011.7837	40211.6394595
2011.7864	40211.8807907
2011.7892	40212.1406904
2011.7919	40212.4006864
2011.7947	40212.6801238
2011.7974	40212.9591139
2011.8001	40213.2475228
2011.8029	40213.5566136
2011.8056	40213.8643474
2011.8084	40214.1935487
2011.8111	40214.52072
2011.8138	40214.8574475
2011.8166	40215.2167348
2011.8193	40215.5729023
2011.822	40215.9385781
2011.8248	40216.327801
2011.8275	40216.7127196
2011.8303	40217.1217829
2011.833	40217.5257004
2011.8357	40217.9388284
2011.8385	40218.3768889
2011.8412	40218.8084875
2011.8439	40219.2489894
2011.8467	40219.7150798
2011.8494	40220.1733304
2011.8522	40220.6575318
2011.8549	40221.1329414
2011.8576	40221.6165335
2011.8604	40222.1264957
2011.8631	40222.6262157
2011.8658	40223.1335688
2011.8686	40223.667562
2011.8713	40224.1898383
2011.8741	40224.7388502
2011.8768	40225.2751502
2011.8795	40225.817984
2011.8823	40226.3875658
2011.885	40226.9429544
2011.8877	40227.5041203
2011.8905	40228.0918902
2011.8932	40228.6640017
2011.896	40229.262533
2011.8987	40229.8444396
2011.9014	40230.430718
2011.9042	40231.0430121
2011.9069	40231.6372768
2011.9097	40232.2572006
2011.9124	40232.858183
2011.9151	40233.4619872
2011.9179	40234.0907939
2011.9206	40234.6993558
2011.9233	40235.3097598
2011.9261	40235.9443654
2011.9288	40236.5575015
2011.9316	40237.1942242
2011.9343	40237.808707
2011.937	40238.4233391
2011.9398	40239.0605312
2011.9425	40239.6744194
2011.9452	40240.2874264
2011.948	40240.9218432
2011.9507	40241.5320038
2011.9535	40242.1627386
2011.9562	40242.7686465
2011.9589	40243.3719548
2011.9617	40243.9945041
2011.9644	40244.5914835
2011.9671	40245.1848533
2011.9699	40245.7960372
2011.9726	40246.381045
2011.9754	40246.9828637
2011.9781	40247.5581799
2011.9808	40248.128262
2011.9836	40248.7136008
2011.9863	40249.2720742
2011.989	40249.8243945
2011.9918	40250.3903598
2011.9945	40250.9292491
2011.9973	40251.4806776
2012.0	40252.0049759
2012.0027	40252.5217035
2012.0055	40253.0492956
2012.0082	40253.5498076
2012.011	40254.0600502
2012.0137	40254.5433343
2012.0164	40255.017811
2012.0192	40255.5003236
2012.0219	40255.9561896
2012.0246	40256.4026086
2012.0274	40256.8553773
2012.0301	40257.2819661
2012.0329	40257.713786
2012.0356	40258.1198238
2012.0383	40258.5155339
2012.0411	40258.9148374
2012.0438	40259.2890746
2012.0465	40259.6525778
2012.0493	40260.0180855
2012.052	40260.3593844
2012.0548	40260.7016566
2012.0575	40261.0203707
2012.0602	40261.3278858
2012.063	40261.6348985
2012.0657	40261.9194295
2012.0684	40262.1926156
2012.0712	40262.4639087
2012.0739	40262.7139153
2012.0767	40262.9611503
2012.0794	40263.1879614
2012.0821	40263.4034079
2012.0849	40263.6148615
2012.0876	40263.8072597
2012.0903	40263.9884156
2012.0931	40264.1644725
2012.0958	40264.32293
2012.0986	40264.4756161
2012.1013	40264.6117216
2012.104	40264.7370076
2012.1068	40264.8556287
2012.1095	40264.9592408
2012.1123	40265.0556649
2012.115	40265.1381631
2012.1177	40265.2105261
2012.1205	40265.2750395
2012.1232	40265.3272738
2012.1259	40265.369899
2012.1287	40265.404158
2012.1314	40265.4278097
2012.1342	40265.4428315
2012.1369	40265.4483737
2012.1396	40265.4453623
2012.1424	40265.4334529
2012.1451	40265.4137429
2012.1478	40265.3862058
2012.1506	40325.3496522
2012.1533	40325.3069608
2012.1561	40325.2552568
2012.1588	40325.1985136
2012.1615	40325.1352904
2012.1643	40325.0631833
2012.167	40324.9876389
2012.1697	40324.9064868
2012.1725	40324.8167226
2012.1752	40324.7250675
2012.178	40324.6250605
2012.1807	40324.5241614
2012.1834	40324.4191929
2012.1862	40324.3063722
2012.1889	40324.1940818
2012.1916	40324.0786757
2012.1944	40323.9560437
2012.1971	40323.8352733
2012.1999	40323.7077639
2012.2026	40323.5829523
2012.2053	40323.4566417
2012.2081	40323.3244102
2012.2108	40323.1960308
2012.2136	40323.0623368
2012.2163	40322.9332028
2012.219	40322.8041752
2012.2218	40322.6708139
2012.2245	40322.5429628
2012.2272	40322.4161549
2012.23	40322.2860755
2012.2327	40322.1623241
2012.2355	40322.036053
2012.2382	40321.9165811
2012.2409	40321.7996465
2012.2437	40321.6813614
2012.2464	40321.5704592
2012.2491	40321.4629316
2012.2519	40322.3552685
2012.2546	40322.2554265
2012.2574	40322.1562824
2012.2601	40322.0651709
2012.2628	40321.9787104
2012.2656	40321.8942075
2012.2683	40321.8179284
2012.271	40321.7469792
2012.2738	40321.6792542
2012.2765	40321.619797
2012.2793	40321.5644105
2012.282	40321.5172394
2012.2847	40321.4763685
2012.2875	40321.440815
2012.2902	40321.4132794
2012.293	40321.3918809
2012.2957	40321.3782896
2012.2984	40321.3717428
2012.3012	40321.3725204
2012.3039	40321.3806788
2012.3066	40321.3962108
2012.3094	40321.4202013
2012.3121	40321.4510178
2012.3149	40321.4910171
2012.3176	40321.5374022
2012.3203	40321.5915085
2012.3231	40321.6558148
2012.3258	40321.7257563
2012.3285	40321.8035033
2012.3313	40321.8923823
2012.334	40321.9860419
2012.3368	40322.0914057
2012.3395	40322.200924
2012.3422	40322.3181822
2012.345	40322.4479125
2012.3477	40322.5807938
2012.3504	40322.7212543
2012.3532	40322.8748451
2012.3559	40323.0305108
2012.3587	40323.1996834
2012.3614	40323.3701751
2012.3641	40323.5477828
2012.3669	40323.7393577
2012.3696	40323.9310843
2012.3723	40324.1295394
2012.3751	40324.3422971
2012.3778	40324.5540027
2012.3806	40324.7801641
2012.3833	40325.0044529
2012.386	40325.2346552
2012.3888	40325.4794334
2012.3915	40325.7211069
2012.3943	40325.9773639
2012.397	40326.2296901
2012.3997	40326.4869299
2012.4025	40326.7586561
2012.4052	40327.025231
2012.4079	40327.2960467
2012.4107	40327.5811235
2012.4134	40327.8598546
2012.4162	40328.1526257
2012.4189	40328.4382713
2012.4216	40328.7269348
2012.4244	40329.0292069
2012.4271	40329.3232329
2012.4298	40329.6195001
2012.4326	40329.9288283
2012.4353	40330.2288511
2012.4381	40330.5415058
2012.4408	40330.8441851
2012.4435	40331.1477629
2012.4463	40331.4632465
2012.449	40331.7678245
2012.4517	40332.0724857
2012.4545	40332.3882315
2012.4572	40332.6922328
2012.46	40333.0067197
2012.4627	40333.3089554
2012.4654	40333.6099234
2012.4682	40333.9204197
2012.4709	40334.217999
2012.4736	40334.5135241
2012.4764	40334.8175542
2012.4791	40335.1081151
2012.4819	40335.4064636
2012.4846	40335.6910395
2012.4873	40335.972314
2012.4901	40336.2602699
2012.4928	40336.5341039
2012.4956	40336.8138587
2012.4983	40337.0793279
2012.501	40337.340367
2012.5038	40337.6061754
2012.5065	40337.8575618
2012.5092	40338.1039145
2012.512	40338.3538763
2012.5147	40338.5894092
2012.5175	40338.8277753
2012.5202	40339.0517803
2012.5229	40339.2698865
2012.5257	40339.4896827
2012.5284	40339.6953259
2012.5311	40339.8946483
2012.5339	40340.0945464
2012.5366	40340.2806251
2012.5394	40340.4665551
2012.5421	40340.6389576
2012.5448	40340.8045111
2012.5476	40340.9688803
2012.5503	40341.1202551
2012.553	40341.2645771
2012.5558	40341.4067433
2012.5585	40341.5365596
2012.5613	40341.6636111
2012.564	40341.7788032
2012.5667	40341.8867978
2012.5695	40341.9911909
2012.5722	40342.0845371
2012.5749	40342.1707186
2012.5777	40342.2525574
2012.5804	40342.3242494
2012.5832	40342.3911598
2012.5859	40342.4485712
2012.5886	40342.4990734
2012.5914	40342.5442331
2012.5941	40342.5809167
2012.5969	40342.6119482
2012.5996	40342.6352223
2012.6023	40342.652087
2012.6051	40342.6629416
2012.6078	40342.6671503
2012.6105	40342.6653604
2012.6133	40342.6573318
2012.616	40342.6438043
2012.6188	40342.6239593
2012.6215	40342.5993979
2012.6242	40342.5696978
2012.627	40342.5336768
2012.6297	40342.494115
2012.6324	40342.4500243
2012.6352	40342.3997469
2012.6379	40342.3471028
2012.6407	40342.2884396
2012.6434	40342.2281892
2012.6461	40342.164567
2012.6489	40342.09529
2012.6516	40342.025566
2012.6543	40341.9532335
2012.6571	40341.8757462
2012.6598	40341.7989129
2012.6626	40341.7173342
2012.6653	40341.6371195
2012.668	40341.5556637
2012.6708	40341.4701801
2012.6735	40341.3870664
2012.6762	40341.3035711
2012.6817	40341.133507
2012.6845	40341.0475666
2012.6872	40340.9655065
2012.6899	40340.8845388
2012.6927	40340.8020394
2012.6954	40340.7242034
2012.6982	40340.6455818
2012.7009	40340.5720914
2012.7036	40340.5011767
2012.7064	40340.4306653
2012.7091	40340.3658907
2012.7118	40340.3045649
2012.7146	40340.2449134
2012.7173	40340.1914859
2012.7201	40340.1406247
2012.7228	40340.0962448
2012.7255	40340.056718
2012.7283	40340.0211369
2012.731	40339.9923122
2012.7337	40339.9691328
2012.7365	40339.9513259
2012.7392	40339.9404165
2012.742	40339.935856
2012.7447	40339.9382108
2012.7474	40339.9474254
2012.7529	40339.988325
2012.7556	40340.0196956
2012.7584	40340.0603706
2012.7611	40340.1076417
2012.7639	40340.1652086
2012.7666	40340.2291394
2012.7693	40340.3015054
2012.7748	40340.4756565
2012.7775	40340.5745699
2012.7803	40340.6866722
2012.783	40340.8040807
2012.7858	40340.9356127
2012.7885	40341.0719774
2012.7912	40341.2177916
2012.794	40341.3790743
2012.7967	40341.5443784
2012.7995	40341.7260145
2012.8022	40341.9110603
2012.8049	40342.1058633
2012.8077	40342.3182182
2012.8104	40342.532976
2012.8131	40342.7575472
2012.8159	40343.0007982
2012.8186	40343.2453399
2012.8214	40343.50926
2012.8241	40343.7736709
2012.8268	40344.0477714
2012.8296	40344.3421977
2012.8323	40344.6358499
2012.835	40344.9389871
2012.8378	40345.2632754
2012.8405	40345.5854492
2012.8433	40345.9292545
2012.846	40346.2700101
2012.8487	40346.6196953
2012.8515	40346.9916136
2012.8542	40347.3590445
2012.8569	40347.7349489
2012.8597	40348.1335443
2012.8624	40348.5261749
2012.8652	40348.9417205
2012.8679	40349.3502952
2012.8706	40349.766388
2012.8734	40350.2056021
2012.8761	40350.6363343
2012.8789	40351.0902397
2012.8816	40351.5346487
2012.8843	40351.9853993
2012.8871	40352.4592694
2012.8898	40352.9221405
2012.8925	40353.3905557
2012.8953	40353.8818803
2012.898	40354.3607283
2012.9008	40354.8622572
2012.9035	40355.35034
2012.9062	40355.8425035
2012.909	40356.3568792
2012.9117	40356.8564065
2012.9144	40357.3590736
2012.9172	40357.8833338
2012.9199	40358.3914076
2012.9227	40358.9205775
2012.9254	40359.4327065
2012.9281	40359.9463242
2012.9309	40360.4801799
2012.9336	40360.9957948
2012.9363	40361.5118781
2012.9391	40362.0472082
2012.9418	40362.5631967
2012.9446	40363.0976966
2012.9473	40363.6121782
2012.95	40364.1254031
2012.9528	40364.6559457
2012.9555	40365.1655608
2012.9582	40365.6728904
2012.961	40366.1962372
2012.9637	40366.6978748
2012.9665	40367.2146031
2012.9692	40367.7091741
2012.9719	40368.1997802
2012.9747	40368.7040247
2012.9774	40369.1855621
2012.9802	40369.6797223
2012.9829	40370.1508889
2012.9856	40370.6164996
2012.9884	40371.0931666
2012.9911	40371.5465394
2012.9938	40371.9934643
2012.9966	40372.4498303
2012.9993	40372.8827559
2013.0021	40373.3240189
2013.0048	40373.7418312
2013.0075	40374.1518346
2013.0103	40374.5685119
2013.013	40374.9618544
2013.0157	40375.3466638
2013.0185	40375.7364749
2013.0212	40376.1032241
2013.024	40376.4738565
2013.0267	40376.821697
2013.0294	40377.1599678
2013.0322	40377.5004702
2013.0349	40377.8187106
2013.0376	40378.1268742
2013.0404	40378.4356506
2013.0431	40378.722843
2013.0459	40379.0095881
2013.0486	40379.2752841
2013.0513	40379.5302618
2013.0541	40379.7832604
2013.0568	40380.0161219
2013.0595	40380.2380096
2013.0623	40380.4564576
2013.065	40380.6558096
2013.0678	40380.8507886
2013.0705	40381.0274374
2013.0732	40381.1929078
2013.076	40381.352692
2013.0787	40381.4953811
2013.0815	40381.6315608
2013.0842	40381.751531
2013.0869	40381.8603991
2013.0897	40381.9616242
2013.0924	40382.0480368
2013.0951	40382.123526
2013.0979	40382.1903595
2013.1006	40382.243857
2013.1034	40382.2880912
2013.1061	40382.3200178
2013.1088	40382.3415352
2013.1116	40382.3529961
2013.1143	40382.3537282
2013.117	40382.344482
2013.1198	40382.3245262
2013.1225	40382.295462
2013.1253	40382.2553309
2013.128	40382.2071939
2013.1307	40382.1499892
2013.1335	40382.0813081
2013.1362	40382.0062769
2013.1389	40381.9228274
2013.1417	40381.827641
2013.1444	40381.727761
2013.1472	40381.6160532
2013.1499	40381.5007555
2013.1526	40381.3782769
2013.1554	40381.2439594
2013.1581	40381.1076753
2013.1608	40380.9650293
2013.1636	40380.8106806
2013.1663	40380.6559486
2013.1691	40380.4896859
2013.2485	40374.7666257
2013.2512	40374.5869556
2013.2539	40374.4113018
2013.2567	40374.2336549
2013.2594	40374.0669582
2013.2621	40373.9050259
2013.2649	40373.7423771
2013.2676	40373.5908617
2013.2704	40373.4394915
2013.2731	40373.2992948
2013.2758	40373.1649646
2013.2786	40373.032062
2013.2813	40372.9102706
2013.2841	40372.7907592
2013.2868	40372.6822363
2013.2895	40372.5804715
2013.2923	40372.4822349
2013.295	40372.3946869
2013.2977	40372.3143203
2013.3005	40372.2386908
2013.3032	40372.1733147
2013.306	40372.1134582
2013.3087	40372.0634904
2013.3114	40372.0212142
2013.3142	40371.9855721
2013.3169	40371.9591723
2013.3196	40371.940648
2013.3224	40371.9297992
2013.3251	40371.9274315
2013.3279	40371.9333911
2013.3306	40371.9472621
2013.3333	40371.9691088
2013.3361	40372.0001774
2013.3388	40372.0382271
2013.3415	40372.0841892
2013.3443	40372.1401671
2013.347	40372.2021099
2013.3498	40372.2745404
2013.3525	40372.3522123
2013.3552	40372.4374891
2013.358	40372.5338612
2013.3607	40372.6343431
2013.3634	40372.7421301
2013.3662	40372.8615
2013.3689	40372.9837968
2013.3717	40373.1179339
2013.3744	40373.2541827
2013.3771	40373.3970553
2013.3799	40373.5520454
2013.3826	40373.7079102
2013.3854	40373.8760059
2013.3881	40374.044138
2013.3908	40374.2180087
2013.3936	40374.4041707
2013.3963	40374.5891178
2013.399	40374.7791885
2013.4018	40374.9814807
2013.4045	40375.1813175
2013.4073	40375.393257
2013.41	40375.6019221
2013.4127	40375.814565
2013.4155	40376.0390279
2013.4182	40376.2590253
2013.4209	40376.4822575
2013.4237	40376.7169044
2013.4264	40376.9459424
2013.4292	40377.1860575
2013.4319	40377.4198297
2013.4346	40377.6555276
2013.4374	40377.9017059
2013.4401	40378.1405057
2013.4428	40378.3804224
2013.4456	40378.6301178
2013.4483	40378.8714791
2013.4511	40379.1220939
2013.4538	40379.363784
2013.4565	40379.6052281
2013.4593	40379.8550689
2013.462	40380.0951864
2013.4648	40380.3430812
2013.4675	40380.580776
2013.4702	40380.8168853
2013.473	40381.0597898
2013.4757	40381.2918767
2013.4784	40381.521606
2013.4812	40381.7570892
2013.4839	40381.9812549
2013.4867	40382.2104492
2013.4894	40382.4280591
2013.4949	40382.8600574
2013.4976	40383.0661382
2013.5003	40383.2679848
2013.5031	40383.4726135
2013.5058	40383.6652007
2013.5086	40383.8598021
2013.5113	40384.0423244
2013.514	40384.2196284
2013.5168	40384.3978027
2013.5195	40384.5639498
2013.5222	40384.7243768
2013.525	40384.8845435
2013.5277	40385.0328638
2013.5305	40385.1801803
2013.5332	40385.3158423
2013.5359	40385.44511
2013.5387	40385.5722973
2013.5414	40385.6882188
2013.5441	40385.7974492
2013.5469	40385.903573
2013.5496	40385.9989378
2013.5524	40386.0905424
2013.5551	40386.1717913
2013.5578	40386.2460432
2013.5606	40386.3156213
2013.5633	40386.3755334
2013.5661	40386.4302049
2013.5688	40386.475729
2013.5715	40386.5141971
2013.5743	40386.5466566
2013.577	40386.5708176
2013.5797	40386.5880075
2013.5825	40386.5985218
2013.5852	40386.6016686
2013.588	40386.5977537
2013.5907	40386.587136
2013.5934	40386.5698876
2013.5962	40386.5450994
2013.5989	40386.5146506
2013.6016	40386.477891
2013.6044	40386.4332364
2013.6071	40386.3840133
2013.6099	40386.3267291
2013.6126	40386.2656305
2013.6153	40386.198939
2013.6181	40386.1240491
2013.6208	40386.0464909
2013.6235	40385.9638724
2013.6263	40385.8730538
2013.629	40385.7807267
2013.6318	40385.6802751
2013.6345	40385.5790939
2013.8316	40384.1255492
2013.8344	40384.3907289
2013.8371	40384.6561384
2013.8398	40384.9309739
2013.8426	40385.2258299
2013.8453	40385.5195243
2013.848	40385.8222877
2013.8508	40386.1456962
2013.8535	40386.4664968
2013.8563	40386.8082815
2013.859	40387.1464644
2013.8617	40387.4929163
2013.8645	40387.8607346
2013.8672	40388.2234448
2013.87	40388.6076928
2013.8727	40388.9858122
2013.8754	40389.3711635
2013.8782	40389.7781793
2013.8809	40390.1775413
2013.8836	40390.5834116
2013.8864	40391.0109169
2013.8891	40391.4292521
2013.8919	40391.8691147
2013.8946	40392.2988026
2013.8973	40392.7336398
2013.9001	40393.1897134
2013.9028	40393.6341444
2013.9055	40394.0828341
2013.9083	40394.552315
2013.911	40395.0087342
2013.9138	40395.4855612
2013.9165	40395.9484093
2013.9192	40396.4139269
2013.922	40396.8991578
2013.9247	40397.3691041
2013.9274	40397.840723
2013.9302	40398.3312193
2013.9329	40398.8052113
2013.9357	40399.2974442
2013.9384	40399.7724092
2013.9411	40400.2473362
2013.9439	40400.7394489
2013.9466	40401.2132451
2013.9493	40401.6859688
2013.9521	40402.1747043
2013.9548	40402.6441919
2013.9576	40403.1288427
2013.9603	40403.5936916
2013.963	40404.0557544
2013.9658	40404.5316325
2013.9685	40404.9869949
2013.9713	40405.4552186
2013.974	40405.9025261
2013.9767	40406.3453926
2013.9795	40406.7996337
2013.9822	40407.2324833
2013.9849	40407.6599484
2013.9877	40408.0972365
2013.9904	40408.5128082
2013.9932	40408.9371331
2013.9959	40409.3396098
2013.9986	40409.7352341
2014.0014	40410.137984
2014.0041	40410.5188202
2014.0068	40410.892004
2014.0096	40411.2706609
2014.0123	40411.6274955
2014.0151	40411.9886884
2014.0178	40412.3282085
2014.0205	40412.6588968
2014.0233	40412.992283
2014.026	40413.3043496
2014.0287	40413.6069833
2014.0315	40413.9106706
2014.0342	40414.1935446
2014.037	40414.476386
2014.0397	40414.7388374
2014.0424	40414.9910458
2014.0452	40415.2416379
2014.0479	40415.4725917
2014.0507	40415.7008974
2014.0534	40415.9101468
2014.0561	40416.1086038
2014.0589	40416.3029303
2014.0616	40416.4791785
2014.0643	40416.6444361
2014.0671	40416.8041595
2014.0698	40416.9469066
2014.0726	40417.0832282
2014.0753	40417.2033769
2014.078	40417.3124277
2014.0808	40417.4138086
2014.0835	40417.5003017
2014.0862	40417.5757673
2014.089	40417.6424284
2014.0917	40417.6955811
2014.0945	40417.7392349
2014.0972	40417.7703517
2014.0999	40417.7907793
2014.1027	40417.8007787
2014.1054	40417.7997479
2014.1081	40417.788359
2014.1109	40417.7657457
2014.1136	40417.7336669
2014.1164	40417.6899076
2014.1191	40417.6377573
2014.1218	40417.576004
2014.1246	40417.50201
2014.1273	40417.4212527
2014.13	40417.3314577
2014.1328	40417.2290085
2014.1355	40417.1214411
2014.1383	40417.0010254
2014.141	40416.8765971
2014.1437	40416.7442448
2014.1465	40416.5988797
2014.1492	40416.4511421
2014.152	40416.2903651
2014.1547	40416.1283033
2014.1574	40415.9596137
2014.1602	40415.7779687
2014.1629	40415.5966308
2014.1656	40415.409513
2014.1684	40415.2096688
2014.1711	40415.0116754
2014.1739	40414.8011887
2014.1766	40414.5935538
2014.1793	40414.3816467
2014.1821	40414.1577075
2014.1848	40413.9380516
2014.1875	40413.7150652
2014.1903	40413.4806384
2014.193	40413.2518418
2014.1958	40413.0120708
2014.1985	40412.7787798
2014.2012	40412.543766
2014.204	40412.2985689
2014.2067	40412.061031
2014.2094	40411.8227368
2014.2122	40411.5751568
2014.2149	40411.3363006
2014.2177	40411.0888148
2014.2204	40410.8506982
2014.2231	40410.6134157
2014.2259	40410.3685535
2014.2286	40410.1339149
2014.2313	40409.9010314
2014.2341	40409.6616934
2014.2368	40409.4332976
2014.2396	40409.1992371
2014.2423	40408.9765222
2014.245	40408.7570207
2014.2478	40408.5330748
2014.2505	40408.3209557
2014.2533	40408.1052333
2014.256	40407.9015786
2014.2587	40407.7024589
2014.2615	40407.5010123
2014.2642	40407.3118692
2014.2669	40407.1279717
2014.2697	40406.9430381
2014.2724	40406.7704961
2014.2779	40406.4374413
2014.2806	40406.2833741
2014.2834	40406.13042
2014.2861	40405.9896786
2014.2888	40405.8557267
2014.2916	40405.7241464
2014.2943	40405.6044821
2014.2971	40405.488013
2014.2998	40405.3831846
2014.3025	40405.2858153
2014.3053	40405.1928286
2014.308	40405.1109624
2014.3107	40405.036838
2014.3135	40404.9682236
2014.3162	40404.9100853
2014.319	40404.8581735
2014.3217	40404.8162401
2014.3244	40404.7823162
2014.3272	40404.7556194
2014.3299	40404.738069
2014.3326	40404.7285643
2014.3354	40404.7271968
2014.3381	40404.7340452
2014.3409	40404.7495856
2014.3436	40404.7726683
2014.3463	40404.8036518
2014.3491	40404.8440656
2014.3518	40404.8909527
2014.3546	40404.9477021
2014.3573	40405.0101701
2014.36	40405.0801449
2014.3628	40405.1605271
2014.3655	40405.2454566
2014.3682	40405.337544
2014.371	40405.4404608
2014.3737	40405.5467106
2014.3765	40405.664002
2014.3792	40405.7837947
2014.3819	40405.9099886
2014.3847	40406.0474327
2014.3874	40406.1861236
2014.3901	40406.3306681
2014.3929	40406.4865411
2014.3956	40406.6424014
2014.3984	40406.8095698
2014.4011	40406.9758853
2014.4038	40407.147003
2014.4066	40407.3292904
2014.4093	40407.5094894
2014.412	40407.6937922
2014.4148	40407.8889993
2014.4175	40408.0809158
2014.4203	40408.2834896
2014.423	40408.4819917
2014.4257	40408.6833414
2014.4285	40408.8948806
2014.4312	40409.101231
2014.4339	40409.3096385
2014.4367	40409.5276547
2014.4394	40409.7394324
2014.4422	40409.9603695
2014.4449	40410.174408
2014.4476	40410.3891482
2014.4504	40410.6122952
2014.4531	40410.8276326
2014.4559	40411.0508206
2014.4586	40411.2656413
2014.4613	40411.4798033
2014.4641	40411.7009182
2014.4668	40411.9129209
2014.4695	40412.1234664
2014.4723	40412.3399948
2014.475	40412.5467764
2014.4778	40412.7588556
2014.4805	40412.9608277
2014.4832	40413.1600654
2014.486	40413.363537
2014.4887	40413.5564657
2014.4914	40413.7459438
2014.4942	40413.9385536
2014.4969	40414.1203096
2014.4997	40414.304443
2014.5024	40414.4775859
2014.5051	40414.6461899
2014.5079	40414.8160346
2014.5106	40414.9747932
2014.5133	40415.1284383
2014.5161	40415.2821859
2014.5188	40415.4248814
2014.5216	40415.5669219
2014.5243	40415.6980053
2014.527	40415.8231661
2014.5298	40415.9465621
2014.5325	40416.0592487
2014.5352	40416.1656279
2014.538	40416.2691682
2014.5407	40416.3623705
2014.5435	40416.4520401
2014.5462	40416.5316877
2014.5489	40416.6045666
2014.5517	40416.672928
2014.5544	40416.731834
2014.5572	40416.7856009
2014.5599	40416.8303531
2014.5626	40416.8681156
2014.5654	40416.8998787
2014.5681	40416.9233691
2014.5708	40416.9398564
2014.5736	40416.9495739
2014.5763	40416.9518536
2014.5791	40416.9469023
2014.5818	40416.9351202
2014.5845	40416.9165135
2014.5873	40416.8900782
2014.59	40416.8577792
2014.5927	40416.818881
2014.5955	40416.7716718
2014.5982	40416.7196297
2014.601	40416.659021
2014.6037	40416.5943001
2014.6064	40416.5235487
2014.6092	40416.4439561
2014.6119	40416.3613603
2014.6146	40416.2731834
2014.6174	40416.1760224
2014.6201	40416.0769959
2014.6229	40415.968965
2014.6256	40415.859841
2014.6283	40415.7460549
2014.6311	40415.6233485
2014.6338	40415.5007043
2014.6366	40415.3692734
2014.6393	40415.2386756
2014.642	40415.1045209
2014.6448	40414.9618942
2014.6475	40414.8212336
2014.6502	40414.6777536
2014.653	40414.5262527
2014.6557	40414.3778189
2014.6585	40414.2217421
2014.6612	40414.0694462
2014.6639	40413.9156644
2014.6667	40413.7549116
2014.6694	40413.5989572
2014.6721	40413.4423619
2014.6749	40413.2795934
2014.6776	40413.1225732
2014.6804	40412.959982
2014.6831	40412.8037324
2014.6858	40412.6483023
2014.6886	40412.4882934
2014.6913	40412.3354365
2014.694	40412.184287
2014.6968	40412.0296556
2014.6995	40411.8828885
2014.7023	40411.733429
2014.705	40411.5922516
2014.7077	40411.4542568
2014.7105	40411.3148186
2014.7132	40411.1841898
2014.7187	40410.9309029
2014.7214	40410.8134151
2014.7242	40410.6967333
2014.7269	40410.5894673
2014.7296	40410.4876206
2014.7324	40410.3880021
2014.7351	40410.2979882
2014.7379	40410.2111797
2014.7406	40410.1340268
2014.7433	40410.0635491
2014.7461	40409.9977578
2014.7488	40409.9415825
2014.7515	40409.8927609
2014.7543	40409.8501223
2014.757	40409.8169208
2014.7598	40409.7909076
2014.7625	40409.7741332
2014.7652	40409.7656982
2014.768	40409.765941
2014.7707	40409.7750109
2014.7734	40409.7929106
2014.7762	40409.8209533
2014.7789	40409.8572747
2014.7817	40409.9047009
2014.7844	40409.9599632
2014.7871	40410.0246895
2014.7899	40410.1019117
2014.7926	40410.1862027
2014.7953	40410.2802186
2014.7981	40410.3880583
2014.8008	40410.5020761
2014.8036	40410.6307661
2014.8063	40410.7649713
2014.809	40410.9091278
2014.8118	40411.0691482
2014.8145	40411.2336046
2014.8172	40411.4080189
2014.82	40411.5993902
2014.8227	40411.7940181
2014.8255	40412.0062753
2014.8282	40412.2209472
2014.8309	40412.4453696
2014.8337	40412.6883247
2014.9322	40426.3854449
2014.935	40426.8595443
2014.9377	40427.3171544
2014.9405	40427.7918045
2014.9432	40428.24924
2014.9459	40428.7060723
2014.9487	40429.1788229
2014.9514	40429.6333729
2014.9541	40430.0862862
2014.9569	40430.5538835
2014.9596	40431.0024173
2014.9624	40431.4647497
2014.9678	40432.3469422
2014.9706	40432.7987728
2014.976	40433.6577034
2014.9788	40434.0959347
2014.9815	40434.5134677
2014.9843	40434.9408981
2014.9897	40435.7479922
2014.9925	40436.1569195
2014.9952	40436.5446622
2014.9979	40436.9256622
2015.0007	40437.3133603
2015.0034	40437.6797901
2015.0062	40438.0518153
2015.0089	40438.4026041
2015.0116	40438.745342
2015.0144	40439.0920189
2015.0171	40439.4176387
2015.0198	40439.7345195
2015.0226	40440.0536825
2015.0253	40440.3521236
2015.0281	40440.6517428
2015.0308	40440.9309512
2015.0335	40441.200452
2015.0363	40441.4695069
2015.039	40441.7187407
2015.0418	40441.966461
2015.0445	40442.1948375
2015.0472	40442.412785
2015.05	40442.6276702
2015.0527	40442.8240407
2015.0554	40443.0096769
2015.0582	40443.1907663
